7134
8198
7649
5972
7030
352
7318
4267
7764
9533
267
5000
9968
4446
8310
8154
3115
2300
4273
6839
5679
8766
5654
9963
2033
3536
7292
3827
8699
6032
7125
3904
2666
542
1205
7145
9727
8519
1950
4247
1086
6965
2846
7108
2097
7289
6173
8834
9033
4979
4077
6742
1504
3643
900
6857
1804
8676
6494
7534
6552
6103
2499
7032
1767
4802
7579
646
1137
8686
1550
6676
4448
7168
8843
3842
1276
2514
3089
7525
5419
8609
2300
6910
153
1536
368
3688
3631
9617
1576
7022
2905
3164
5425
8592
4664
7086
2807
5769
9418
5685
7975
9912
3325
6679
7004
9754
5646
5341
1163
4169
7724
7924
5226
6524
3930
4642
4593
9325
2348
3312
3251
552
3542
7488
3763
3699
841
3206
9650
1787
6753
9092
4002
5976
1210
3166
3202
1603
6947
7506
1184
8632
7514
9952
4729
7250
7012
1392
6443
6055
7184
3182
700
251
6709
7240
1036
5390
8208
6451
4562
4015
8795
7996
2202
7816
2265
5362
8506
6182
1605
3926
5192
2932
8348
4610
4805
1426
7397
2414
6609
3970
5200
76
788
8607
5094
2676
6643
7610
4131
6343
8687
325
9195
2604
198
6375
6839
6661
6841
8519
1801
4074
4994
2050
4380
2957
1059
6072
1580
4300
6081
8759
2336
746
6561
8031
8327
2681
6168
3071
1555
2587
6171
901
3578
7473
5246
1269
1014
2392
9473
2796
5718
1719
304
8762
3669
2361
42
4168
3210
8457
119
8537
5361
4426
2151
927
975
9137
8623
8348
5936
7472
6804
2091
184
6094
3729
6224
8657
9467
4884
7726
8054
5802
1320
1413
5337
479
3894
465
3872
4482
9555
2626
9202
3370
5590
1209
5149
6107
6405
7254
9217
2868
7733
1424
5563
8350
3693
6247
7101
8565
1131
5930
4463
5060
6855
7654
8224
8092
4156
3288
6531
1012
9808
1957
3628
3555
5590
2276
355
9678
1060
3506
8702
6500
4280
3484
8112
1642
9637
6765
2267
213
8107
4439
7766
2401
2760
7688
417
1823
6070
6479
7280
5553
1946
4085
646
414
5733
1385
3795
4135
3740
4891
6976
4316
7931
4297
5106
6578
7774
6886
8289
4212
6916
8635
9234
9577
2034
6047
5919
677
2870
881
486
5834
4255
6164
2808
676
239
1200
1442
7628
2070
7781
1285
3694
9571
1263
802
8930
8893
6147
6668
7997
9095
1133
433
171
3851
5038
502
8213
3900
9860
6842
9734
5750
8168
9173
2931
7507
4342
8940
7907
9950
9975
4705
3525
5267
6771
9588
8642
5935
7074
5647
6246
2502
7409
8140
560
6893
2804
7690
6764
4550
8049
6061
7693
5571
5387
2311
120
6712
5204
1435
4054
56
870
3172
1270
8347
6510
9654
9910
4138
5064
5271
5582
8022
5514
7060
2968
2678
1207
4986
4451
5985
3642
7250
4715
6188
2582
9751
6236
9220
8880
9403
3183
5383
2688
7387
6643
708
1523
7885
3200
1382
2831
3128
6916
2050
267
1369
4059
4494
0
6318
6772
2870
7646