7771
105
9004
4019
2404
5866
7602
9322
2676
9564
6609
8419
8217
908
3645
2595
6741
3963
3293
3281
4708
4254
2787
7500
573
4752
4932
1552
9276
1436
8367
6985
4766
3136
2302
3947
2667
1682
2834
3994
332
2845
1516
5028
4183
7932
4432
859
6246
5838
9254
5655
8168
1300
4412
5966
5796
5045
9092
7216
871
538
83
2492
2620
5333
3791
9959
9475
9612
7537
5743
7825
7681
4383
6546
3822
1386
1065
1650
3152
3998
3284
8291
2068
8223
460
4563
178
5214
2628
8876
4286
1071
9919
2349
1129
8853
7852
483
2193
1072
7713
6850
3803
1383
609
2231
7967
131
1004
4734
4690
2307
831
3376
9869
5016
4778
2425
1795
1778
4314
3382
8045
493
2611
6978
3572
9778
4285
5158
6491
8682
2834
8752
3172
896
825
1861
9835
1194
4511
3375
3058
5237
297
6296
2744
5455
1489
6358
1125
2466
2340
4798
961
6333
4716
7982
7945
1329
1152
581
1824
6204
7685
3393
2122
1954
4171
2461
4081
9400
4330
6942
9405
4376
2242
7552
2218
1989
4783
4162
7749
7275
3999
7033
3204
8050
9892
7442
9501
3360
6784
9517
1915
4555
8474
1974
9088
8
6724
7733
7239
4624
8683
2779
476
2120
9940
2522
4735
3730
1475
2981
3815
2708
1834
3404
1973
8203
8192
50
2509
4916
9691
5986
3113
2423
9487
968
1720
5726
8011
9252
6325
5930
2605
5742
3437
2610
853
4859
9772
8037
8651
4678
4040
9627
1758
8102
8563
3948
2572
1303
5827
4470
2337
212
8261
9842
6761
7665
2066
8031
1887
4863
703
4151
9710
4617
5670
5428
7834
2296
9890
3426
4915
6880
519
430
4156
2261
3141
2890
8657
5605
6848
1909
3208
5198
7643
90
617
3595
8404
3757
2180
4035
2559
9925
72
3269
964
4040
5256
4807
595
1457
1007
3854
3731
9450
6584
4725
5434
7470
3821
4116
1310
5168
1178
359
9256
6880
4999
5377
8803
9364
1570
4886
177
6433
7719
6315
5583
4100
2542
3819
669
1963
224
3934
3893
7252
2791
1557
8103
1885
9674
548
6100
8780
687
8166
8431
542
9274
830
9670
7185
2068
6946
5442
3157
7136
8715
7200
6660
6813
5731
6650
4858
5762
1123
2942
9160
7725
3306
1368
9694
6651
7632
2084
6430
5857
4939
6573
165
154
518
3334
3866
1286
2367
7531
8657
2620
5444
5002
1872
5363
7653
300
128
9337
1483
8059
52
9263
9280
9509
6785
5811
4433
9302
2815
4436
6486
4746
991
88
9607
2934
3134
9138
750
8036
802
463
9129
2425
3943
9356
1017
5959
1960
909
9837
7213
2211
2665
576
3635
9118
895
3124
1379
65
5273
5595
9528
5012
734
6724
7707
618
6471
1121
7066
2101
2941
4347
5191
7715
5432
3327
930
2311
9788
8694
2841
1763
3493
1304
1210
853
7686
7942
8477
5020
4960
545
1462
8342
632
6034
1197
9787
3297
3509
8833
6458
8703
4870
1619
4593
9142
8628