4784
8402
8261
8390
1717
1748
762
9524
6136
9439
5132
6523
8987
3674
7936
2204
1161
7552
3873
8631
4282
1915
3711
2085
9956
7967
4521
2308
2509
1310
757
295
3220
1551
6538
7547
9104
1878
2164
7907
9756
4485
7250
8956
1131
198
6693
9280
8994
5990
3324
3636
5162
3017
4964
144
1512
5588
9751
4245
4799
9795
7964
66
9943
2440
3465
567
8054
6497
2015
4710
7146
6448
5127
6603
9262
6007
8355
1261
6951
4403
3003
7481
5894
4459
9516
31
1966
4868
1810
5144
6593
138
6975
7582
9178
9059
2093
3550
4448
6620
6019
6691
3925
4292
3293
8151
2265
3907
492
1818
6971
3741
5233
3775
4969
2682
4981
7986
6612
7408
531
881
56
3153
226
5942
2144
7545
8380
1051
6910
3971
694
5914
9655
7760
142
4959
8548
2876
8551
5795
3962
8506
7337
1030
3631
8603
3374
2495
3275
4059
391
6388
3605
6797
7860
8749
108
8958
7686
5929
9005
5390
1026
3807
3957
8765
715
3026
5619
1347
9338
165
9254
5807
7289
1208
7310
1638
3952
9597
1915
8334
909
4468
2465
7703
3897
3738
8107
1573
5469
1724
3544
3971
123
2091
5449
865
4893
4208
9996
5865
1109
738
2288
1610
9957
7494
2915
1582
5975
1882
5747
7927
2269
4690
2220
6523
5239
7963
3052
2650
5234
9719
9717
4528
8971
2566
2943
3735
2935
5961
8419
8932
2264
3226
4272
8865
8960
2173
6960
3362
5966
7027
2090
5104
737
4921
4590
6395
9663
7294
3216
5776
9486
1093
5385
2599
1201
5899
9401
367
7620
8632
5300
6662
9493
4000
2053
216
7580
7152
7879
7712
4140
1762
9566
5549
9196
3560
1916
958
2700
5133
7846
3930
9311
674
1812
5103
5974
5843
5751
346
7246
5823
1924
241
8523
2670
9448
4917
4797
9437
7208
815
6543
4493
7246
8628
4765
5414
5867
4459
4103
3051
2435
5634
5507
7768
8608
3748
5726
7081
4342
4222
3514
6806
8845
4136
543
1058
3132
4635
5864
614
9695
270
856
5391
5808
6340
4160
861
4910
6661
7571
9903
1417
5584
3397
1658
6380
951
9950
613
1550
3404
9982
3797
547
6709
191
392
8541
2216
4648
1371
1401
8208
2520
4969
3461
2647
661
4007
3330
7625
2584
9135
587
2720
4161
1333
8965
793
328
4026
6595
1950
4619
5499
4186
3493
809
4579
5956
5961
3056
7536
6811
9871
7770
7742
7080
2840
8017
3951
6320
35
1564
733
3345
4718
4717
2512
4041
5426
4657
2210
6267
6266
2587
3111
6781
4400
4782
8219
7895
226
7630
6868
7696
675
420
9063
6031
236
2888
1974
9043
3005
5500
1251
7436
9997
2229
9176
6183
840
7080
2762
5200
2290
6464
876
1086
9066
235
9814
1455
6506
2687
4383
6625
1648
649
359
823
6377
7504
6649
3167
9043
5145
3919
146
1920
5451
1132
1859
4716
7309
1080
3149
7593
2331
8864
587
8103
8395
4422
1502
7059
9822
4503