3436
7251
1828
3006
5136
9438
8149
8703
8921
5155
9180
5160
7550
7383
5565
9539
8368
8813
2525
8264
9917
6657
4493
1489
2772
6046
5167
9584
4944
1469
4405
1742
3380
423
5831
7316
3500
1762
5942
1357
4317
9222
7333
6754
73
4045
2666
5694
5964
667
3606
1480
5746
6178
8324
7337
7592
6163
5510
7335
88
6894
8853
1458
7208
851
9687
4061
5509
7191
9756
3833
9397
4464
870
9983
4183
5317
9860
2655
5489
2827
2626
2111
9760
5258
4079
3638
2852
2053
1483
7419
8246
2103
1118
550
7612
1425
3796
9756
446
3429
2434
8090
2646
4483
3181
5705
8216
5564
6354
8384
7869
7703
1555
9412
8977
9022
9203
4333
9537
2634
1433
8002
6307
1045
3406
5967
8394
8030
728
4565
7027
2598
1382
4927
9437
3527
91
4723
4836
6890
9771
2140
965
255
6203
3593
2259
5247
1985
9719
4267
9759
1354
979
2904
48
3313
7904
1590
5072
5436
8712
1550
8618
4433
963
5472
3181
4753
7846
549
8606
1580
9480
4040
7638
1097
4297
8110
4471
2731
6145
8651
685
5205
3303
6077
6510
8789
404
2475
1620
6765
6733
4445
5283
1248
4614
4362
2270
8594
2799
2273
8651
8863
7894
8531
7901
5834
8541
3536
9299
762
9839
2886
5358
6249
2057
3929
3569
1499
5836
6047
9438
1238
4557
2686
3653
6739
9527
1954
6017
4450
5928
6402
6870
3873
9012
8815
2892
3976
4031
9794
438
7973
9652
1133
6175
8687
20
1703
5245
4192
895
8428
497
7098
4831
7604
5543
5354
6885
26
5164
82
9347
507
5591
8840
373
4273
2495
7440
1879
8593
2598
1113
6515
7219
9073
3382
2942
2915
4984
2199
4977
9974
2239
8096
3070
3616
8894
6631
6799
1730
7635
7273
3110
2170
7502
7675
1246
1368
3822
1888
8127
2921
9664
7354
8960
8213
7176
7552
1421
6682
6387
275
4387
2568
1516
3030
1317
2118
5414
7130
2614
5389
1717
8062
4035
6609
7420
6607
2512
3444
7457
5927
1903
5407
4797
4974
7482
9158
6499
4915
4099
910
3392
8986
9582
4112
1923
8450
2309
2999
5134
1359
224
8217
7761
713
9715
3374
5855
7202
8903
8730
9130
2631
1924
975
9076
5037
5904
9542
8855
6743
3349
2312
5440
6918
4792
8851
612
8746
1923
1146
2864
7706
3835
2498
3454
4659
6231
1481
8543
5520
3819
2571
1451
3046
2166
4590
8310
2511
9330
6501
6721
90
1821
186
5906
4256
9150
3819
2090
2781
6283
1848
81
8094
4668
2148
9112
9695
6186
6090
7237
4372
1141
5184
8832
3777
5337
5307
7573
1691
6523
3982
5768
6104
1312
5368
6639
4471
840
1644
4290
3406
245
1491
8391
4871
2439
9766
9905
7464
997
3710
5615
3619
8688
7162
6825
111
653
6239
9355
1269
9113
8601
1666
5662
8363
5213
3866
6084
3027
1231
4520
199
8368
9964
4706
4535
8453
8851
9451
8663
8079
9852
8097
5509
8835
5057
7350
7102
4847