8969
9277
1021
9996
8331
9965
154
5445
2071
6178
8082
4748
8549
2710
5875
6208
2455
2509
3367
8709
6655
4539
8687
3768
2126
2659
1628
175
2648
6431
7381
4059
7002
1885
385
2954
2567
4193
5115
7066
6179
9759
8118
2970
8496
1903
581
4960
6954
7486
3405
8371
3171
420
969
3472
5578
7748
2822
1251
5766
6811
6354
9437
6460
7227
3803
2072
7004
7419
4258
3275
5113
7121
6229
836
4416
7297
7922
8612
5830
6592
3902
5531
9154
4696
8516
3437
1948
1295
7417
98
8159
6460
9174
162
2312
2171
411
2063
4427
1521
6199
3027
140
3687
3656
4191
5517
846
7332
266
9617
367
144
3437
4579
8082
3024
2406
8010
3944
1412
4295
6098
7269
1162
4780
8851
350
5686
4060
4981
329
768
163
8740
9123
9741
6492
8059
6743
5056
6028
104
5717
702
1054
9378
523
6312
441
2172
4354
398
2867
70
7929
6299
6158
7046
9406
105
1088
1640
9263
663
9273
3049
3799
3595
4973
9749
9706
594
1879
4075
8823
5160
7528
8340
7215
1124
7633
8180
2935
188
866
5902
1742
5005
767
6808
2016
8942
3749
142
8385
1216
9152
3517
8823
9013
1036
1131
5970
2003
5540
8275
7695
127
5924
3773
5568
6558
3522
1171
6920
474
1758
1537
4027
2890
5618
6717
9241
7588
6985
3270
1444
4313
9390
9831
6657
3628
2198
8182
9024
7719
304
4939
2182
1203
235
2286
3884
5848
1170
1702
6352
1212
9064
7563
3397
7293
3232
3351
4029
2319
7212
4941
6093
1033
2737
4498
227
900
4453
7613
6708
6225
9903
3067
1380
7634
2283
7687
6052
3605
195
2264
3828
311
2075
9120
5271
9903
222
2650
7867
3564
6502
1515
9194
8360
7105
8673
4243
9928
8049
3118
7331
7536
13
4169
2276
9217
436
9661
3346
1437
9420
3926
561
5400
3732
64
1621
7259
7861
927
3608
7265
8940
206
5688
3910
7315
1018
4501
169
5473
3340
1447
2404
9318
2980
379
4873
7656
6666
1428
6913
2219
9705
5895
2032
7378
6375
9479
653
4461
3774
329
8527
2666
6550
3573
7939
2191
7774
9216
4347
2256
6940
3407
5022
9259
7309
6702
6938
6842
8550
3680
6719
505
2279
4619
5100
9075
2189
2399
7915
3426
8571
1373
4742
8199
954
3085
9364
4204
3125
211
1478
8130
848
927
8585
9056
9160
2652
9993
4823
9712
7327
5454
787
2481
2994
4725
4276
9720
535
9290
6685
5748
1502
8056
3265
5226
1729
5417
5440
6598
4178
9584
8875
9250
6833
8552
9171
7858
4560
5873
1321
2043
2615
5105
8274
1011
8067
4571
608
5819
4003
9513
1406
4788
3521
7052
9358
8073
3134
810
78
3894
7304
4995
1050
9341
5760
8875
262
4646
9095
120
8950
5976
4021
8802
8745
80
2895
7671
4837
4582
278
1250
8703
100
3079
3992
5683
6005
8665
3183
7840
3560
4640
4740
2848
6573
8114
7913
5328
4664
8989
6051
9693