6424
4661
6818
9026
9427
5742
2854
8446
2395
7941
3887
3957
7744
9139
5630
5590
55
2762
5531
5612
5526
3912
5537
9565
506
8376
780
7849
1698
9624
3657
724
8909
7914
637
9293
6383
6072
3588
5839
9702
3646
364
8760
4819
2433
6679
8748
9597
7966
2319
4764
9552
7175
1315
1106
2017
3510
7920
9068
8684
3320
5223
4109
1003
2758
9775
2468
4351
9656
1274
1883
9528
699
5490
4504
9505
32
9934
1182
8741
4094
9155
1515
6624
7945
1504
2743
821
3640
2278
777
6442
5154
7118
7801
8525
7077
6788
6974
6482
9234
7793
3603
5373
9462
6783
8501
8050
4682
3076
8151
2547
496
9862
8992
5413
9530
7063
8388
8478
3064
6318
1773
3191
2155
2137
823
4670
6979
5538
9033
1050
9190
66
8341
1066
7493
2542
8913
813
3667
8019
6481
9604
3853
762
8667
9066
8501
5634
7508
8616
8536
2382
9656
2877
4295
5623
8674
8815
5653
4162
1720
9986
1596
7150
2207
2902
4371
2233
8559
467
7396
5492
9568
7644
678
6996
5628
1739
7477
2148
8276
9057
2363
8404
476
8527
59
5500
3711
6272
5848
7054
7122
9431
8745
4944
6922
5883
757
9206
8680
9002
9585
6390
2365
4953
3913
6208
280
5312
6833
4224
133
3377
3458
4680
4421
6204
5709
5836
7610
4721
7700
1402
259
6253
6009
3529
6999
3646
7280
7796
2552
4780
8590
9639
1934
3699
93
8549
3502
6275
8166
1847
6232
3471
8034
4265
9277
2448
835
9729
3413
827
4597
7090
1960
5373
3738
1747
8721
9222
9451
7171
6585
6443
3016
4977
8498
3355
895
2027
8955
3869
4380
2277
961
4252
553
4821
3702
1518
5662
1847
3187
7828
3633
7734
9748
9995
9784
5704
8172
9889
8688
5632
2141
5419
7904
7855
3914
9370
3437
894
7132
6223
1160
5312
7873
4460
3705
2041
4525
8931
788
6939
9
7423
6341
4227
3098
7691
2966
7129
5371
6347
190
5407
2284
5508
4790
9723
442
4033
882
4438
6043
3258
7567
3833
2621
1158
1797
7488
8994
518
6510
326
7615
3461
7311
9161
1123
7350
2808
6347
4545
9017
2866
4458
1735
5235
8968
2676
8948
6879
6819
979
994
1988
811
6656
8956
2772
8970
170
2230
8008
4675
1552
9057
9086
1105
2123
9771
7509
7787
7482
9857
461
1346
2409
2896
5732
5213
5935
2666
8341
4100
2794
3156
4918
4230
4722
2471
7940
2998
2450
9774
8947
7671
5068
4838
4160
8108
4086
9641
8843
6459
3664
2617
2931
6063
9793
6319
8094
182
5638
2895
7182
1557
3563
8620
2101
2183
6987
7961
9650
7573
2733
8421
5975
3326
1657
6525
5472
5026
8955
2795
1449
8831
2958
7212
4251
4353
247
3947
8371
4643
7651
7897
9598
3408
6697
6540
7934
2953
3897
4666
1149
7928
3942
6446
8052
2062
3489
5322
9121
2876
1393
6306
8504
1440
4704
1708
312
1138
1309
7476
9730
3924
7656
4855
4118
613
1637
61