1666
5484
6663
5056
9967
806
2166
3512
1386
925
2144
2566
4453
2849
3136
1287
1319
2528
2964
5395
2521
2946
911
2306
4581
8880
9549
9419
975
1392
6085
4546
1682
5534
1890
9867
8702
7953
4280
5513
3814
6032
794
7785
2480
4801
5361
9640
7895
7563
8397
9167
6987
8127
3528
2633
881
8838
3487
2478
8284
6774
7885
7550
7728
5813
7081
1294
8526
6367
8067
5222
1791
1839
4033
9584
8000
1871
6470
5313
3734
5447
9890
3213
9994
382
8568
4737
6805
6298
4966
8390
6070
579
6408
4160
3161
2986
1308
4780
6304
3100
9620
1296
5090
2794
9979
209
8337
4068
3474
6262
9171
1337
445
3767
5085
2265
2632
7485
7058
9048
5550
4575
1258
7768
8272
4138
5408
7095
9006
61
6921
2731
1083
477
7324
3902
1758
328
1903
8819
4386
481
3253
6573
9693
2166
2956
4353
6281
5441
6570
3705
7877
4496
8734
2875
1291
4951
6178
4923
8060
4537
4943
1150
6690
9961
7363
9805
4666
5542
831
6776
4247
270
2430
1727
1963
2044
464
2853
7115
5483
1112
9221
8799
749
3841
8050
1181
6226
5161
9164
9407
4372
2573
192
5078
8834
7160
7681
675
7239
1202
8680
4085
9614
4741
443
9646
2754
1647
2807
3479
913
6204
6239
4676
428
6474
4272
5838
9102
2666
4240
4
1324
3708
3218
7304
1489
2
1371
9837
1925
3017
3514
6162
6382
7858
8905
6610
9663
3775
3310
8146
1442
5588
5996
9991
271
7367
4085
6758
8640
7073
6289
4585
6047
1518
6183
5594
8598
4458
5417
2978
8589
4447
804
6451
8068
1385
8824
1315
5903
9142
4985
4103
791
6005
9580
4555
3799
9633
5537
1993
5435
7101
5480
7504
2989
4473
4771
236
6388
549
1214
6765
4148
5371
2993
129
166
7882
1811
4873
9604
2936
5079
111
53
1062
4218
9381
7801
8967
3307
2007
1187
3031
9304
3168
5976
9467
9246
9173
462
5651
34
6538
3281
9286
2730
282
9721
2755
1694
3784
9469
7370
9518
5548
436
7611
4310
3418
9353
1420
7078
1781
4495
1202
4480
5909
1951
2206
9087
3894
9842
3296
949
5780
7058
8977
5823
5466
7011
383
2757
6274
4665
6409
9393
3053
9284
7014
6726
7737
7534
9783
3432
4677
8526
5203
8170
4148
5247
7034
9463
391
2458
1472
8332
5431
8511
1149
3172
6373
2671
1984
6554
8270
5298
2837
4451
9168
7457
8710
679
1526
5489
1604
4258
7518
9218
4612
9922
8879
3832
9179
2483
5469
6623
757
1076
61
4027
2418
5838
9779
2415
6826
3903
1711
7344
624
2403
6275
3575
2548
2056
6844
300
1494
57
8181
9734
9356
7066
9197
8963
1930
545
459
9559
4933
1663
1320
1528
9014
1966
1907
786
188
3741
5588
9789
965
6837
7467
6707
1318
1332
4076
6444
4406
2719
2701
4969
1458
3052
1133
3228
5989
5800
3169
955
6732
1991
2018
528
5015
7357
5640
530
7021
9314
9156
4565