9255
4455
4647
9410
7359
9333
4438
998
4258
4317
6758
9425
9381
9524
9576
3466
6506
3029
2994
1799
2212
1342
321
5359
1706
1492
2529
6250
7006
3813
4051
3395
9258
651
1516
2856
7893
6209
9387
4107
9047
6583
4762
6383
9253
278
667
1868
480
2764
9048
845
1017
7835
8990
3096
7504
3123
6566
6726
4117
3089
2696
1827
3896
1277
5078
4611
2753
7151
5386
7007
1071
3679
3726
457
7206
9509
3323
3363
2845
5083
2589
8464
6059
5964
379
7585
4291
8302
6073
5124
6464
368
2568
5763
4460
66
528
3499
317
3369
662
1191
9835
7181
1842
3409
9919
2075
4967
3234
438
5523
1897
7385
8612
1140
9870
8307
8610
545
9378
4086
1094
4621
4535
4632
6857
889
5599
9641
3686
3733
6604
7103
9885
3081
7636
8561
2285
2170
2803
5721
5597
4327
210
1940
3306
2266
9026
35
2831
638
513
4417
302
3112
6240
5593
7804
6816
2854
6031
4238
5165
2354
5901
3194
3986
793
9527
7683
9513
5369
2104
8189
204
6737
3553
7708
6143
1257
9730
6304
464
4359
3103
7981
6349
1439
7488
2692
6692
2605
7581
8981
7188
4164
4125
8859
9622
2642
9847
946
1251
4374
7742
3251
9101
9318
3727
6008
1059
3803
2986
3858
4758
8103
7280
943
4142
5634
4572
1655
5045
2224
2533
9392
4665
847
2155
8162
8929
1838
5913
4394
9913
1086
648
4827
9373
7766
680
1572
5280
4540
8083
9916
9457
8540
7450
5385
2664
1321
9656
205
5613
3028
5879
4166
6889
9037
3181
2927
3541
8308
134
4425
9840
8227
5103
4988
7258
9373
4328
4279
7479
3358
8356
9377
8603
7681
5595
9880
9130
7901
6301
64
1270
7441
3029
84
1816
2320
5158
8220
6983
8091
9334
3211
2116
2438
2503
2014
9418
2537
46
9385
9188
9687
1406
9126
867
6354
6058
5731
9316
8981
3836
7459
2722
2101
2278
5475
4195
3228
9423
1696
2246
4370
1597
3020
4501
9782
7265
7133
326
1626
2774
2493
5028
8879
5165
7538
3147
7208
9019
4039
5156
4772
7871
408
1964
4917
6908
7253
2986
2579
2320
9081
962
9811
3446
4887
1438
6596
2961
7259
1277
4609
3943
9395
7295
7283
542
4345
6328
3748
5102
2345
5580
7994
2392
8538
3075
362
9494
7561
8161
4086
7160
2736
2610
2556
2827
1686
5088
2469
5174
5766
825
1897
1945
6177
7191
4125
4387
2334
1700
9826
3267
8048
2875
470
7457
8480
4464
1338
6552
1398
9854
7521
3391
708
8043
569
7973
8740
4808
2840
6857
8721
6311
3675
1612
4381
1509
4853
6370
9619
4030
3094
2678
4996
610
7504
9564
3097
3406
5448
1574
392
8417
9709
6055
770
4087
9726
4155
8057
3865
3813
4087
4886
167
9457
8583
319
6852
7457
3906
3139
2994
9910
9464
414
5004
5840
903
8530
104
3894
4439
4185
5446
1939
4678
6537
8300
8756
7450
2160
7446
7952
4146
2238
9866
752
814