30
8537
9879
1229
6311
7292
984
4373
3915
2279
1517
8710
1886
8211
9960
8958
8148
7903
2400
525
1653
7620
8513
5923
4431
8801
6409
3632
8449
2567
3353
2738
5991
964
9118
303
3464
8703
8647
8051
1702
6795
7139
8870
352
6013
901
3886
2771
11
959
2504
7604
4894
3331
9269
4858
1922
4350
7928
3367
8900
1523
7988
8885
7821
4971
4337
6370
7011
5149
1363
2450
578
5261
5174
7154
6724
4686
6601
9394
1017
9261
3921
9890
7067
3977
1290
9147
5252
1213
936
5486
3152
9534
7868
4153
8867
4436
8346
1248
9127
8968
6424
1149
8930
7554
4271
4430
6594
1976
9573
9703
6225
7941
5340
2690
9752
7970
9491
2930
6382
7797
4757
9986
6465
7760
7145
9230
168
8913
6746
8886
493
2544
9309
1715
6215
6053
7752
6974
8158
2017
6660
5616
1654
303
6037
5621
4455
2139
7449
9655
565
4608
2391
4847
4968
708
9196
7
1698
3761
7061
6549
8995
7243
4343
9466
4022
9406
3225
4557
3943
2128
8448
7845
4015
8367
2273
5977
1497
443
2134
5267
9959
7050
332
5005
5387
89
6275
5324
732
6359
889
8363
7557
2292
9587
4230
9086
5066
3812
5759
752
1880
6461
5817
7452
7722
3242
283
4292
8425
1955
4686
9395
2259
3252
4790
3868
281
6782
9946
7674
7972
8782
7586
7345
8348
2566
8908
5822
3215
610
3836
3738
1813
8824
5994
1189
8700
9437
4873
2871
9329
5937
717
457
9656
8398
5217
9044
979
8317
4560
5359
4106
5383
796
2585
6910
4415
753
5226
3771
6637
7694
3562
8376
5238
2969
508
8911
3942
1185
5201
6057
6955
9933
9397
1522
801
1021
7178
34
306
9073
4325
4160
9420
8219
886
7278
3700
4076
3594
2485
9383
2004
2910
8659
1571
3256
1668
3892
3227
3875
802
4182
8798
9721
9737
969
5927
7810
5359
437
8649
9661
9083
726
7357
4201
3396
4287
3153
8907
5406
820
5307
8511
9819
8102
7318
1504
4
5504
8436
6079
7942
4016
7023
111
6050
1718
7197
915
3510
6544
8119
2484
5747
7209
7023
4083
4130
9389
3891
6027
3657
2188
9051
5255
4700
1133
2075
4759
7640
6349
2813
9481
8368
7757
7999
8262
4431
860
4300
3608
8034
633
6995
6208
6842
7570
9214
5870
2439
3762
2527
5860
4748
4631
3487
4626
9588
4951
7411
139
3553
5493
7652
8262
950
2871
1781
1394
8912
8921
871
7184
8501
3729
7300
3374
5740
1527
4012
3923
9050
4521
4555
5864
8720
7693
9174
1746
1335
2193
9776
4236
5749
6711
7225
8372
4772
6913
7942
8664
1869
8439
3365
4868
2508
1010
3349
5539
4967
8793
9842
2915
6849
8330
4978
1983
5481
7628
1360
7673
6828
9156
7055
7241
7806
942
2297
8959
7089
895
8125
6255
4613
8323
1194
4767
6918
3316
893
6030
7045
609
7405
5536
6957
3441
5281
5852
5965
8361
3876
4466
6170
9285
1776
5073
2687
7162
925