9983
350
9547
6113
1933
5538
530
8814
5900
4091
610
3268
6810
7505
613
2529
5274
1196
9082
3540
856
407
7837
9197
4521
9741
5721
2888
3916
6025
10
2433
2049
1619
4089
2743
6658
7009
3704
5442
9863
6848
9644
5511
4624
3246
5378
524
7785
897
7909
3167
5558
1867
1981
250
1410
8812
6027
4573
835
1448
8854
5611
8208
2957
8866
2223
2781
1050
8340
8260
741
4654
9506
1969
754
2685
8486
1128
9226
4646
7925
2400
4747
6289
7382
8007
5216
8481
9003
3746
6521
4083
3756
4417
9362
4070
5146
5299
6814
4782
2627
7278
8074
6783
3853
1428
1112
6824
9738
3059
5387
6325
8166
5827
8192
2949
3724
3628
843
1124
3971
8963
8
6593
1432
2423
7254
6075
4675
135
4421
9647
8993
2789
9750
241
4829
6607
5028
5849
6436
9370
7989
3206
9270
2247
8477
9113
1919
9084
2907
3288
669
6696
135
9442
5260
1818
2967
2802
4399
4813
3319
5062
6702
3553
1926
1001
4605
2180
7553
1496
7739
5840
8084
5994
7786
2855
5896
7972
997
8587
5459
2682
8404
3478
6424
2743
9172
6628
1440
4082
949
4182
9612
1701
3177
3035
9157
5852
4512
1289
8116
2594
8824
1741
1441
1592
1615
2270
8676
8029
4982
6908
2344
3724
4494
3467
6021
3869
3451
1119
7653
6151
570
1822
1245
5359
2904
6862
3840
1220
6961
6600
1783
7420
3391
9221
164
98
9437
8073
3267
8176
3819
4789
7089
4838
266
9222
6068
9839
5856
2838
3333
6945
7958
8003
9019
3226
3494
400
469
1814
9703
6280
782
8618
9555
721
440
8838
3129
4616
8929
96
7283
3098
7518
7707
6515
7659
5360
4211
7604
1176
3500
4617
6575
9458
4961
4933
6713
5049
6523
1354
2434
1624
9561
3181
6695
3830
3409
9551
3392
7463
5195
1562
1797
1734
4288
3399
9866
5852
8087
7375
3695
5074
5684
7896
4186
7512
5910
1710
2096
8669
7400
8533
1167
1913
2310
3422
5092
1625
5253
796
412
5881
292
6631
997
2483
4602
3565
8489
5257
4086
60
8278
3321
1234
9775
7285
5981
4291
4715
3250
610
3817
4793
8544
3934
338
7067
6154
6805
1595
5147
7874
8679
5403
3509
6739
4729
8277
7498
9245
941
4798
7207
8389
5498
593
7190
5479
794
6928
5204
9086
101
8338
73
5368
7125
8814
2738
3700
3188
8466
1767
7214
451
6491
433
3271
4208
5126
1392
7778
8351
168
3944
8308
1800
7194
5409
2331
89
3654
4935
4226
8836
5235
8119
5626
4974
1798
1890
2862
2359
797
1519
3163
2897
6439
305
6765
6908
4596
2864
9420
7435
5731
538
5832
6238
5094
4135
7849
875
5135
1457
9798
2252
1515
7431
1511
4180
4729
2216
3865
857
2825
4108
1439
9988
9819
3617
943
7665
3171
6871
3349
8455
5454
3798
6182
2114
7778
7132
8680
2307
2159
515
7922
6940
2593
6749
1578
5531
8408
9655
2278
6596
7116
8074
4465
6979